Bulbasaur 45 49 49 65 65 45
Charmander 39 52 43 60 50 65
Squirtle 44 48 65 50 64 43
Chikorita 45 49 65 49 65 45
Cyndaquil 39 52 43 60 50 65
Totodile 50 65 64 44 48 43
Treecko 40 45 35 65 55 70
Torchic 45 60 40 70 50 45
Mudkip 50 70 50 50 50 40
Turtwig 55 68 64 45 55 31
Chimchar 44 58 44 58 44 61
Piplup 53 51 53 61 56 40
Snivy 45 45 55 45 55 63
Tepig 65 63 45 45 45 45
Oshawott 55 55 45 63 45 45
Chespin 56 61 65 48 45 38
Fennekin 40 45 40 62 60 60
Froakie 41 56 40 62 44 71
Rowlet 68 55 55 50 50 42
Litten 45 65 40 60 40 70
Popplio 50 54 54 66 56 40
Grookey 50 65 50 40 40 65
Scorbunny 50 71 40 40 40 69
Sobble 50 40 40 70 40 70